
rover001,1400647103,23.7467061,90.4113287,0.0,0.0,1094.0
rover001,1400647108,23.7467061,90.4113287,0.0,0.0,1094.0
rover001,1400647113,23.7463131,90.411303,-8.0,3.5,20.0
rover001,1400647118,23.7463131,90.411303,-8.0,3.5,20.0
rover001,1400647123,23.7463131,90.411303,-8.0,3.5,20.0
rover001,1400647128,23.7463131,90.411303,-8.0,3.5,20.0
rover001,1400647134,23.7463131,90.411303,-8.0,3.5,20.0
rover001,1400647139,23.7469932,90.4104373,-29.0,4.0,7.0
rover001,1400647144,23.7469932,90.4104373,-29.0,4.0,7.0
rover001,1400647149,23.7477694,90.4100148,-26.0,8.75,17.0
rover001,1400647154,23.7478344,90.409579,-28.0,8.25,12.0
rover001,1400647159,23.7480492,90.4090167,-27.0,10.0,15.0
rover001,1400647164,23.748206,90.408789,-20.0,6.0,15.0
rover001,1400647169,23.7484693,90.4085369,-15.0,6.75,14.0
rover001,1400647174,23.7487658,90.4082945,-18.0,6.5,12.0
rover001,1400647179,23.7488766,90.4082529,-15.0,2.0,96.0
rover001,1400647184,23.7488374,90.4082453,-27.0,1.5,14.0
rover001,1400647189,23.7488551,90.4080795,-26.0,1.75,18.0
rover001,1400647194,23.74894,90.4077829,-17.0,4.0,13.0
rover001,1400647199,23.7489951,90.4076424,-17.0,5.5,19.0
rover001,1400647204,23.749076,90.4073757,-6.0,6.25,14.0
rover001,1400647209,23.7492069,90.4069618,-5.0,8.0,15.0
rover001,1400647214,23.7492838,90.4066949,-6.0,6.75,15.0
rover001,1400647219,23.7492816,90.4064317,-11.0,6.0,11.0
rover001,1400647224,23.7492947,90.4060885,-13.0,6.5,16.0
rover001,1400647229,23.7492858,90.4057892,-14.0,5.25,10.0
rover001,1400647234,23.7492373,90.4055927,-15.0,3.75,11.0
rover001,1400647239,23.7491908,90.4054668,-11.0,2.75,96.0
rover001,1400647244,23.7492358,90.4052824,-19.0,3.0,7.0
rover001,1400647249,23.7492389,90.4051811,-14.0,3.0,96.0
rover001,1400647254,23.7491877,90.4050568,-12.0,2.75,96.0
rover001,1400647259,23.749127,90.4048969,-7.0,2.5,96.0
rover001,1400647264,23.7490453,90.4046196,-14.0,4.25,10.0
rover001,1400647269,23.7490112,90.4044918,-9.0,2.75,9.0
rover001,1400647274,23.748954,90.4044432,-11.0,1.5,10.0
rover001,1400647279,23.7489042,90.4043726,-11.0,1.75,12.0
rover001,1400647284,23.7488806,90.4042922,-10.0,1.25,12.0
rover001,1400647289,23.7488427,90.404295,-12.0,0.0,9.0
rover001,1400647294,23.7488432,90.404266,-18.0,0.0,10.0
rover001,1400647299,23.7488325,90.4042403,-21.0,0.0,11.0
rover001,1400647304,23.7488165,90.4042438,-24.0,0.0,10.0
rover001,1400647309,23.7488404,90.4042398,-19.0,0.0,13.0
rover001,1400647314,23.7488671,90.4042371,-14.0,0.0,13.0
rover001,1400647319,23.7488762,90.4042363,-12.0,0.0,12.0
rover001,1400647324,23.7488835,90.4042356,-11.0,0.0,13.0
rover001,1400647329,23.7488878,90.4042353,-10.0,0.0,10.0
rover001,1400647334,23.7488914,90.4042349,-9.0,0.0,6.0
rover001,1400647339,23.7488934,90.4042347,-9.0,0.0,96.0
rover001,1400647344,23.7488936,90.4042233,-9.0,2.0,96.0
rover001,1400647349,23.748887,90.4041043,0.0,0.75,13.0
rover001,1400647354,23.7487627,90.4038948,-19.0,3.75,9.0
rover001,1400647359,23.7486974,90.4038675,-25.0,0.25,9.0
rover001,1400647364,23.7486154,90.403793,-33.0,2.25,10.0
rover001,1400647369,23.7485875,90.4036095,-33.0,3.75,11.0
rover001,1400647374,23.7485092,90.4034819,-30.0,2.25,11.0
rover001,1400647379,23.7484944,90.4033068,-24.0,3.75,11.0
rover001,1400647384,23.748505,90.4031493,-19.0,2.25,11.0
rover001,1400647389,23.748473,90.4030286,-19.0,2.0,12.0
rover001,1400647394,23.7484587,90.4029299,-16.0,1.5,15.0
rover001,1400647399,23.7483096,90.4026853,-19.0,4.5,13.0
rover001,1400647404,23.748304,90.4023463,-8.0,4.75,13.0
rover001,1400647409,23.7482237,90.4020825,-6.0,6.25,13.0
rover001,1400647414,23.7481374,90.4018858,-5.0,2.0,18.0
rover001,1400647419,23.7481652,90.4016981,-12.0,2.75,14.0
rover001,1400647424,23.7481322,90.4015374,-7.0,4.25,14.0
rover001,1400647429,23.7481138,90.401462,-5.0,1.75,96.0
rover001,1400647434,23.7480647,90.4013359,-14.0,2.0,12.0
rover001,1400647439,23.7479411,90.4012201,-12.0,3.25,12.0
rover001,1400647444,23.7477747,90.4010159,-9.0,3.75,9.0
rover001,1400647449,23.7477689,90.4009389,-1.0,2.0,96.0
rover001,1400647454,23.7477398,90.4007612,7.0,3.25,96.0
rover001,1400647459,23.7477152,90.4006606,4.0,3.0,96.0
rover001,1400647464,23.7475766,90.4004443,4.0,5.0,13.0
rover001,1400647469,23.7476934,90.400045,17.0,3.25,9.0
rover001,1400647474,23.7475738,90.3999469,11.0,4.25,11.0
rover001,1400647479,23.7473891,90.3999164,-9.0,3.75,10.0
rover001,1400647484,23.7473138,90.3997468,-10.0,3.0,10.0
rover001,1400647489,23.7472623,90.3996317,-8.0,2.75,96.0
rover001,1400647494,23.747211,90.3994587,-13.0,3.75,9.0
rover001,1400647499,23.7471834,90.3992446,-15.0,3.5,9.0
rover001,1400647504,23.7471311,90.3990295,-17.0,4.25,15.0
rover001,1400647509,23.7470072,90.3987542,-22.0,6.5,12.0
rover001,1400647514,23.7467941,90.3982074,-41.0,7.75,9.0
rover001,1400647519,23.7467643,90.397882,-40.0,8.5,10.0
rover001,1400647524,23.746565,90.3974711,-35.0,8.5,12.0
rover001,1400647529,23.7465603,90.3971125,-28.0,9.0,14.0
rover001,1400647534,23.746459,90.3965678,-17.0,11.5,15.0
rover001,1400647539,23.7463597,90.3959723,-2.0,11.0,11.0
rover001,1400647544,23.7461737,90.395709,-14.0,8.5,9.0
rover001,1400647549,23.7460575,90.3952214,-21.0,9.25,13.0
rover001,1400647554,23.7459978,90.3950829,-24.0,4.75,15.0
rover001,1400647559,23.7458683,90.3950146,-32.0,0.0,19.0
rover001,1400647564,23.745828,90.3950564,-31.0,0.0,21.0
rover001,1400647569,23.7458072,90.3950736,-29.0,0.0,23.0
rover001,1400647574,23.7457859,90.3950947,-24.0,0.0,18.0
rover001,1400647579,23.7457751,90.3950973,-21.0,0.0,15.0
rover001,1400647584,23.7457936,90.395088,-21.0,0.0,14.0
rover001,1400647589,23.745795,90.3950907,-21.0,0.0,12.0
rover001,1400647594,23.7457946,90.3950874,-21.0,0.0,14.0
rover001,1400647599,23.7457949,90.3950831,-20.0,0.0,16.0
rover001,1400647604,23.745793,90.3950803,-20.0,0.0,12.0
rover001,1400647609,23.7457922,90.3950803,-20.0,0.0,11.0
rover001,1400647614,23.7457944,90.3950761,-20.0,0.0,10.0
rover001,1400647619,23.7457936,90.3950753,-20.0,0.0,11.0
rover001,1400647624,23.7457918,90.3950753,-19.0,0.0,10.0
rover001,1400647629,23.7457915,90.3950747,-19.0,0.0,12.0
rover001,1400647634,23.7457943,90.3950714,-19.0,0.0,15.0
rover001,1400647639,23.7457942,90.3950715,-19.0,0.0,18.0
rover001,1400647644,23.7457941,90.3950714,-19.0,0.0,14.0
rover001,1400647649,23.7457941,90.3950724,-19.0,0.0,14.0
rover001,1400647654,23.7457928,90.3950719,-19.0,0.0,17.0
rover001,1400647660,23.7457914,90.3950723,-19.0,0.0,16.0
rover001,1400647665,23.7457903,90.3950711,-19.0,0.0,18.0
rover001,1400647670,23.7457886,90.3950645,-19.0,1.0,17.0
rover001,1400647675,23.7459159,90.3949035,-10.0,2.0,9.0
rover001,1400647680,23.7459681,90.3948802,-13.0,1.0,14.0
rover001,1400647685,23.7462717,90.3947554,-22.0,7.0,15.0
rover001,1400647690,23.7467353,90.3946926,-33.0,8.75,13.0
rover001,1400647695,23.7471374,90.3945159,-35.0,9.75,11.0
rover001,1400647700,23.747537,90.3942383,-38.0,10.5,10.0
rover001,1400647705,23.7479609,90.3940164,-40.0,11.0,6.0
rover001,1400647710,23.7483405,90.3938766,-41.0,11.0,9.0
rover001,1400647715,23.7487856,90.3936618,-40.0,11.25,8.0
rover001,1400647721,23.749212,90.3935328,-35.0,8.0,8.0
rover001,1400647726,23.7494182,90.3934486,-40.0,1.5,7.0
rover001,1400647731,23.749474,90.3934291,-42.0,1.5,8.0
rover001,1400647736,23.7495605,90.3933912,-32.0,4.25,8.0
rover001,1400647741,23.7496954,90.3932874,-34.0,4.0,9.0
rover001,1400647746,23.7496954,90.3932874,-34.0,4.0,9.0
rover001,1400647751,23.7496954,90.3932874,-34.0,4.0,9.0
rover001,1400647756,23.7496954,90.3932874,-34.0,4.0,9.0
rover001,1400647761,23.7496954,90.3932874,-34.0,4.0,9.0
rover001,1400647766,23.7496954,90.3932874,-34.0,4.0,9.0
rover001,1400647771,23.7511852,90.3927966,-30.0,9.0,22.0
rover001,1400647776,23.7515174,90.3927469,-47.0,9.25,13.0
rover001,1400647781,23.7519406,90.3924667,-44.0,10.25,13.0
rover001,1400647786,23.7523879,90.3922345,-40.0,11.0,15.0
rover001,1400647791,23.7527488,90.3920261,-40.0,8.0,17.0
rover001,1400647796,23.7529608,90.3918811,-40.0,5.0,9.0
rover001,1400647801,23.7530385,90.3918946,-33.0,0.5,8.0
rover001,1400647806,23.7531825,90.3918254,-40.0,3.75,10.0
rover001,1400647811,23.7532955,90.3917665,-34.0,3.0,8.0
rover001,1400647816,23.7534391,90.3916902,-35.0,3.0,8.0
rover001,1400647821,23.7536091,90.3916934,-38.0,2.75,11.0
rover001,1400647826,23.753672,90.3917188,-37.0,2.25,96.0
rover001,1400647831,23.7537118,90.3916413,-43.0,0.0,12.0
rover001,1400647836,23.7537362,90.3916191,-40.0,2.75,14.0
rover001,1400647841,23.7538429,90.3915109,-37.0,3.5,10.0
rover001,1400647846,23.7539745,90.3914181,-39.0,3.75,9.0
rover001,1400647851,23.7541497,90.3914041,-40.0,2.5,13.0
rover001,1400647856,23.7541782,90.3914482,-32.0,0.75,16.0
rover001,1400647861,23.7542236,90.3914667,-25.0,1.25,13.0
rover001,1400647866,23.7542769,90.3915643,-27.0,0.0,12.0
rover001,1400647871,23.7542663,90.3915806,-25.0,0.0,11.0
rover001,1400647876,23.7542512,90.3915224,-25.0,0.0,8.0
rover001,1400647881,23.7542535,90.3915131,-25.0,0.0,96.0
rover001,1400647886,23.7542561,90.3915049,-25.0,0.0,12.0
rover001,1400647891,23.7542623,90.3914767,-29.0,0.0,14.0
rover001,1400647896,23.7542733,90.3915054,-27.0,1.75,13.0
rover001,1400647901,23.7544055,90.3914218,-37.0,0.5,13.0
rover001,1400647906,23.7545769,90.3913937,-40.0,2.75,14.0
rover001,1400647911,23.7546377,90.391363,-39.0,0.0,15.0
rover001,1400647916,23.754671,90.3913357,-38.0,2.0,8.0
rover001,1400647921,23.754762,90.3912639,-39.0,1.5,96.0
rover001,1400647926,23.7547954,90.3912957,-37.0,0.5,8.0
rover001,1400647931,23.7548318,90.3912406,-36.0,0.0,6.0
rover001,1400647936,23.7548502,90.3912144,-37.0,0.0,5.0
rover001,1400647941,23.7548568,90.3912019,-37.0,0.0,5.0
rover001,1400647946,23.7548571,90.3912134,-36.0,0.0,5.0
rover001,1400647951,23.7548576,90.3912161,-37.0,0.0,6.0
rover001,1400647956,23.7548597,90.3912164,-38.0,0.0,6.0
rover001,1400647961,23.75486,90.3912161,-38.0,0.0,6.0
rover001,1400647966,23.75486,90.3912162,-38.0,0.0,6.0
rover001,1400647971,23.7548604,90.3912156,-38.0,0.0,7.0
rover001,1400647976,23.7548603,90.391216,-38.0,0.0,6.0
rover001,1400647981,23.7548604,90.3912166,-38.0,0.0,6.0
rover001,1400647986,23.7548906,90.3912716,-37.0,0.0,7.0
rover001,1400647991,23.7548893,90.3912854,-33.0,0.0,96.0
rover001,1400647996,23.7548971,90.3912938,-33.0,0.0,6.0
rover001,1400648001,23.7548956,90.3913025,-32.0,0.0,96.0
rover001,1400648006,23.7548987,90.3913209,-30.0,0.0,15.0
rover001,1400648011,23.7549073,90.391322,-31.0,0.0,10.0
rover001,1400648017,23.7548921,90.3913137,-29.0,0.0,8.0
rover001,1400648022,23.7548911,90.3913124,-29.0,0.0,9.0
rover001,1400648027,23.7548943,90.3913122,-30.0,0.0,7.0
rover001,1400648032,23.7548946,90.3913125,-29.0,0.0,9.0
rover001,1400648037,23.7548939,90.3913118,-29.0,0.0,10.0
rover001,1400648042,23.7548934,90.3913111,-29.0,0.0,9.0
rover001,1400648047,23.7548934,90.3913111,-29.0,0.0,9.0
rover001,1400648052,23.7548934,90.3913111,-29.0,0.0,9.0
rover001,1400648057,23.7548934,90.3913111,-29.0,0.0,9.0
rover001,1400648062,23.7548934,90.3913111,-29.0,0.0,9.0
rover001,1400648067,23.7548934,90.3913111,-29.0,0.0,9.0
rover001,1400648072,23.7553761,90.3911081,-34.0,4.75,12.0
rover001,1400648077,23.7554497,90.3910219,-33.0,3.75,9.0
rover001,1400648082,23.7555876,90.3909397,-35.0,3.5,16.0
rover001,1400648087,23.7557221,90.3908527,-36.0,1.0,9.0
rover001,1400648092,23.7557269,90.3908163,-35.0,0.25,96.0
rover001,1400648097,23.7557978,90.3908847,-38.0,0.5,13.0
rover001,1400648102,23.7558827,90.3908349,-39.0,1.75,9.0
rover001,1400648107,23.755951,90.3907076,-38.0,2.75,7.0
rover001,1400648112,23.7561149,90.3906851,-39.0,2.75,13.0
rover001,1400648117,23.7562532,90.3907093,-36.0,3.75,9.0
rover001,1400648122,23.7563293,90.3906602,-33.0,1.75,96.0
rover001,1400648127,23.7564092,90.3906359,-37.0,0.75,6.0
rover001,1400648132,23.7564864,90.3906207,-33.0,1.5,7.0
rover001,1400648137,23.7565566,90.3905664,-35.0,1.5,96.0
rover001,1400648142,23.7565937,90.390573,-29.0,0.5,12.0
rover001,1400648147,23.7566968,90.3904854,-31.0,2.5,9.0
rover001,1400648152,23.7568131,90.3904147,-36.0,1.75,10.0
rover001,1400648157,23.7568838,90.390434,-33.0,1.75,8.0
rover001,1400648162,23.7569848,90.3904377,-29.0,1.5,7.0
rover001,1400648167,23.7572276,90.3903645,-32.0,5.75,11.0
rover001,1400648172,23.7573781,90.3902744,-37.0,4.75,8.0
rover001,1400648177,23.7575329,90.390158,-30.0,4.5,8.0
rover001,1400648182,23.757656,90.3900874,-30.0,2.5,8.0
rover001,1400648187,23.7577587,90.3900988,-35.0,0.5,96.0
rover001,1400648192,23.7578903,90.3901636,-32.0,1.75,15.0
rover001,1400648197,23.7579616,90.3901595,-33.0,1.75,10.0
rover001,1400648202,23.7580596,90.3901437,-32.0,3.5,9.0
rover001,1400648207,23.7582475,90.3900501,-32.0,4.5,9.0
rover001,1400648212,23.7584015,90.3900206,-32.0,2.75,9.0
rover001,1400648217,23.7585927,90.3899356,-33.0,4.25,9.0
rover001,1400648222,23.7585939,90.3899053,-29.0,0.0,11.0
rover001,1400648227,23.7585825,90.3898839,-28.0,0.0,9.0
rover001,1400648232,23.7585805,90.3898331,-31.0,0.0,8.0
rover001,1400648237,23.7585635,90.3898387,-29.0,0.0,9.0
rover001,1400648242,23.7585587,90.3898395,-29.0,0.0,6.0
rover001,1400648247,23.758553,90.3898374,-28.0,0.0,6.0
rover001,1400648252,23.7585505,90.3898358,-28.0,0.0,5.0
rover001,1400648257,23.7585503,90.3898357,-28.0,0.0,96.0
rover001,1400648262,23.7585503,90.3898357,-28.0,0.0,96.0
rover001,1400648267,23.7585501,90.3898368,-28.0,0.0,9.0
rover001,1400648272,23.7585498,90.3898371,-28.0,0.0,9.0
rover001,1400648277,23.75855,90.389837,-28.0,0.0,11.0
rover001,1400648282,23.75855,90.389837,-28.0,0.0,10.0
rover001,1400648287,23.7585499,90.3898371,-28.0,0.0,9.0
rover001,1400648292,23.7585496,90.3898371,-28.0,0.0,9.0
rover001,1400648297,23.7585496,90.3898371,-28.0,0.0,9.0
rover001,1400648302,23.7585493,90.389837,-28.0,0.0,10.0
rover001,1400648307,23.7585488,90.3898372,-28.0,0.0,7.0
rover001,1400648312,23.7585488,90.3898374,-28.0,0.0,6.0
rover001,1400648317,23.7585487,90.3898375,-28.0,0.0,6.0
rover001,1400648322,23.7585489,90.3898377,-28.0,0.0,8.0
rover001,1400648327,23.7585489,90.3898377,-28.0,0.0,8.0
rover001,1400648332,23.7585486,90.389838,-28.0,0.0,96.0
rover001,1400648337,23.7585486,90.3898381,-28.0,0.0,96.0
rover001,1400648342,23.7585486,90.3898381,-28.0,0.0,96.0
rover001,1400648347,23.7585486,90.3898381,-28.0,0.0,96.0
rover001,1400648352,23.7585486,90.3898381,-28.0,0.0,96.0
rover001,1400648357,23.7585486,90.3898381,-28.0,0.0,96.0
rover001,1400648362,23.7585486,90.3898381,-28.0,0.0,96.0
rover001,1400648367,23.7585486,90.3898381,-28.0,0.0,96.0
rover001,1400648372,23.7601858,90.3894183,-42.0,9.5,7.0
rover001,1400648377,23.7601858,90.3894183,-42.0,9.5,7.0
rover001,1400648382,23.7606429,90.3893414,-43.0,10.25,11.0
rover001,1400648387,23.7614178,90.3892461,-36.0,8.5,6.0
rover001,1400648392,23.7617695,90.3891194,-37.0,6.75,8.0
rover001,1400648397,23.7619155,90.38913,-33.0,2.25,6.0
rover001,1400648402,23.7619155,90.38913,-33.0,2.25,6.0
rover001,1400648407,23.7622172,90.3890744,-35.0,3.25,96.0
rover001,1400648412,23.7622172,90.3890744,-35.0,3.25,96.0
rover001,1400648417,23.7623955,90.3890718,-33.0,1.75,9.0
rover001,1400648422,23.7625201,90.3891094,-34.0,3.0,9.0
rover001,1400648427,23.7625201,90.3891094,-34.0,3.0,9.0
rover001,1400648432,23.7629451,90.3890126,-36.0,3.25,9.0
rover001,1400648437,23.7629451,90.3890126,-36.0,3.25,9.0
rover001,1400648442,23.7631935,90.3889918,-36.0,4.75,9.0
rover001,1400648447,23.7634425,90.3889313,-36.0,6.75,13.0
rover001,1400648452,23.7638202,90.3889421,-36.0,8.5,7.0
rover001,1400648457,23.7642916,90.3887479,-32.0,4.25,96.0
rover001,1400648462,23.7643365,90.3884829,-31.0,5.25,96.0
rover001,1400648467,23.7643365,90.3884829,-31.0,5.25,96.0
rover001,1400648472,23.7644352,90.3876575,-39.0,8.5,96.0
rover001,1400648477,23.7645146,90.3871885,-39.0,9.25,96.0
rover001,1400648482,23.7645686,90.3867378,-44.0,10.0,7.0
rover001,1400648487,23.7645972,90.3862278,-53.0,10.5,96.0
rover001,1400648492,23.7645972,90.3862278,-53.0,10.5,96.0
rover001,1400648497,23.7647719,90.3851914,-49.0,11.5,96.0
rover001,1400648502,23.7648498,90.3846058,-48.0,12.0,96.0
rover001,1400648507,23.7649133,90.3842324,-37.0,9.75,6.0
rover001,1400648512,23.7649133,90.3842324,-37.0,9.75,6.0
rover001,1400648517,23.7648669,90.3837872,-41.0,0.0,96.0
rover001,1400648522,23.7648687,90.383786,-37.0,0.0,5.0
rover001,1400648527,23.7648843,90.3837699,-38.0,0.0,6.0
rover001,1400648532,23.7648995,90.3837584,-39.0,0.0,6.0
rover001,1400648537,23.7649128,90.3837524,-38.0,0.0,5.0
rover001,1400648542,23.7649156,90.3837537,-37.0,0.0,5.0
rover001,1400648547,23.7649183,90.3837499,-37.0,0.0,96.0
rover001,1400648553,23.7649183,90.3837499,-37.0,0.0,96.0
rover001,1400648558,23.7649204,90.3837492,-36.0,0.0,96.0
rover001,1400648563,23.7649205,90.383747,-36.0,0.0,5.0
rover001,1400648568,23.7649206,90.383747,-36.0,0.0,4.0
rover001,1400648573,23.7649206,90.3837469,-36.0,0.0,96.0
rover001,1400648578,23.7649245,90.3837275,-36.0,3.25,6.0
rover001,1400648583,23.7649245,90.3837275,-36.0,3.25,6.0
rover001,1400648588,23.7652143,90.383397,-21.0,3.25,96.0
rover001,1400648593,23.7652143,90.383397,-21.0,3.25,96.0
rover001,1400648598,23.7655106,90.3831504,-28.0,5.75,8.0
rover001,1400648603,23.7658705,90.3832434,-31.0,7.25,96.0
rover001,1400648608,23.7662261,90.3832093,-28.0,8.5,96.0
rover001,1400648613,23.7666735,90.3830727,-41.0,9.5,96.0
rover001,1400648618,23.767095,90.3830287,-22.0,10.25,5.0
rover001,1400648623,23.767542,90.382982,-25.0,10.75,96.0
rover001,1400648628,23.7680651,90.3828883,-25.0,12.0,96.0
rover001,1400648633,23.7686548,90.3828154,-25.0,12.5,96.0
rover001,1400648638,23.7693328,90.3826583,-15.0,13.5,12.0
rover001,1400648642,23.7693328,90.3826583,-15.0,13.5,12.0
rover001,1400648647,23.7693328,90.3826583,-15.0,13.5,12.0
rover001,1400648652,23.7693328,90.3826583,-15.0,13.5,12.0
rover001,1400648657,23.7693328,90.3826583,-15.0,13.5,12.0
rover001,1400648662,23.7693328,90.3826583,-15.0,13.5,12.0
rover001,1400648668,23.7693328,90.3826583,-15.0,13.5,12.0
rover001,1400648673,23.7731065,90.3817623,30.0,13.259431,96.0
rover001,1400648679,23.7737675,90.3815765,12.0,12.010412,11.0
rover001,1400648684,23.7743523,90.3814347,5.0,12.2602,12.0
rover001,1400648689,23.7743523,90.3814347,5.0,12.2602,12.0
rover001,1400648693,23.7755712,90.3809375,-27.0,14.008925,13.0
rover001,1400648698,23.7760683,90.3808683,-28.0,13.759088,96.0
rover001,1400648703,23.7766317,90.3806706,-25.0,12.7598,96.0
rover001,1400648708,23.7771167,90.3805239,-26.0,8.265138,96.0
rover001,1400648713,23.7774086,90.3803393,-41.0,4.776243,10.0
rover001,1400648718,23.7776089,90.3803412,-43.0,6.519202,9.0
rover001,1400648723,23.7779359,90.3802825,-43.0,8.01561,96.0
rover001,1400648729,23.7783349,90.3800584,-40.0,9.513149,96.0
rover001,1400648734,23.7786281,90.3799145,-39.0,4.031129,8.0
rover001,1400648739,23.7786953,90.3798648,-32.0,0.5,8.0
rover001,1400648748,23.778702,90.3798472,-33.0,0.5,19.0
rover001,1400648753,23.7787018,90.3798424,-35.0,0.5,10.0
rover001,1400648758,23.7787011,90.3798324,-35.0,0.5,8.0
rover001,1400648763,23.7787027,90.3798308,-35.0,0.5,96.0
rover001,1400648768,23.7787088,90.3798414,-36.0,0.5,14.0
rover001,1400648773,23.7787088,90.3798414,-36.0,0.5,14.0
rover001,1400648778,23.7786845,90.3798462,-34.0,0.5,7.0
rover001,1400648783,23.7786848,90.3798505,-33.0,0.5,10.0
rover001,1400648788,23.7786851,90.3798459,-33.0,0.5,96.0
rover001,1400648793,23.7786855,90.3798464,-33.0,0.5,96.0
rover001,1400648798,23.7786859,90.3798471,-33.0,0.5,9.0
rover001,1400648803,23.7787372,90.3798747,-40.0,0.5,9.0
rover001,1400648808,23.7787571,90.379849,-43.0,0.5,9.0
rover001,1400648813,23.7787577,90.3798409,-41.0,0.5,96.0
rover001,1400648818,23.7787734,90.3798317,-42.0,0.5,8.0
log stopped
log started
rover001,1400658240,23.7554441,90.3731642,-22.0,1.5811388,24.0
rover001,1400658245,23.7554441,90.3731642,-22.0,1.5811388,24.0
rover001,1400658250,23.7554441,90.3731642,-22.0,1.5811388,24.0
rover001,1400658255,23.7554441,90.3731642,-22.0,1.5811388,24.0
rover001,1400658260,23.7554441,90.3731642,-22.0,1.5811388,24.0
rover001,1400658265,23.7554441,90.3731642,-22.0,1.5811388,24.0
rover001,1400658270,23.755439,90.3735451,-40.0,7.267221,4.0
rover001,1400658275,23.7556203,90.3738253,-43.0,5.5226803,4.0
rover001,1400658280,23.7557937,90.3740814,-45.0,7.267221,4.0
rover001,1400658285,23.7559653,90.3744119,-43.0,8.265138,6.0
rover001,1400658290,23.7561109,90.3747945,-36.0,7.5166483,9.0
rover001,1400658295,23.7561904,90.37491,-29.0,0.9013878,9.0
rover001,1400658300,23.7561968,90.3749657,-33.0,0.559017,7.0
rover001,1400658305,23.7562115,90.3749885,-33.0,0.9013878,7.0
rover001,1400658310,23.7561472,90.374984,-43.0,0.5,8.0
rover001,1400658315,23.7560936,90.3750189,-39.0,0.5,9.0
rover001,1400658320,23.7561132,90.3750313,-42.0,0.5,8.0
rover001,1400658325,23.7561241,90.3750383,-39.0,0.5,8.0
rover001,1400658330,23.7561281,90.3750405,-40.0,0.5,9.0
rover001,1400658336,23.7561326,90.3750519,-37.0,0.5,8.0
rover001,1400658341,23.7561311,90.375045,-38.0,0.5,7.0
rover001,1400658346,23.7561298,90.375046,-40.0,0.5,7.0
rover001,1400658351,23.7561328,90.3750505,-40.0,1.118034,7.0
rover001,1400658356,23.7562269,90.3750986,-39.0,1.118034,7.0
rover001,1400658361,23.7562529,90.3751304,-43.0,0.5,6.0
rover001,1400658366,23.756231,90.3751222,-40.0,0.5,6.0
rover001,1400658371,23.756226,90.3751158,-35.0,0.5,6.0
rover001,1400658376,23.7562359,90.375121,-39.0,0.5,7.0
rover001,1400658381,23.7562435,90.3751202,-40.0,0.5,7.0
rover001,1400658386,23.756251,90.3751086,-39.0,0.5,6.0
rover001,1400658391,23.7562518,90.375103,-39.0,0.5,6.0
rover001,1400658396,23.7562529,90.3751028,-39.0,0.5,5.0
rover001,1400658401,23.7562586,90.3751086,-39.0,1.5811388,5.0
rover001,1400658406,23.7562524,90.3751601,-35.0,0.5,7.0
rover001,1400658411,23.7562389,90.3751616,-33.0,0.5,9.0
rover001,1400658416,23.7562343,90.3752264,-39.0,0.5,7.0
rover001,1400658421,23.7562535,90.375212,-39.0,0.5,6.0
rover001,1400658426,23.7562836,90.3751763,-38.0,0.5,6.0
rover001,1400658431,23.756317,90.3751554,-39.0,0.5,7.0
rover001,1400658436,23.7563197,90.375159,-39.0,1.3462912,6.0
rover001,1400658441,23.7563743,90.3752009,-40.0,1.8200275,6.0
rover001,1400658446,23.7562994,90.3753391,-42.0,5.0249376,6.0
rover001,1400658451,23.7560855,90.3754828,-40.0,6.269968,6.0
rover001,1400658456,23.7558227,90.3756394,-45.0,7.267221,7.0
rover001,1400658461,23.7553724,90.3759081,-51.0,8.514693,10.0
rover001,1400658466,23.7551341,90.3760548,-44.0,9.013878,8.0
rover001,1400658471,23.7546886,90.3761552,-30.0,9.513149,8.0
rover001,1400658476,23.7543176,90.3764662,-34.0,10.511898,8.0
rover001,1400658481,23.7539515,90.3767795,-42.0,11.510864,5.0
rover001,1400658486,23.7534649,90.3770459,-41.0,12.509996,5.0
rover001,1400658491,23.7529665,90.3773095,-38.0,11.261106,6.0
rover001,1400658496,23.7525624,90.3775634,-46.0,9.762812,6.0
rover001,1400658501,23.7521578,90.3777957,-44.0,10.262188,8.0
rover001,1400658507,23.7518073,90.378049,-45.0,7.5166483,6.0
rover001,1400658512,23.7515426,90.3781781,-47.0,6.269968,7.0
rover001,1400658517,23.7515234,90.3783756,-41.0,5.771698,6.0
rover001,1400658522,23.7516611,90.3787301,-40.0,7.017834,7.0
rover001,1400658527,23.7517906,90.3791033,-42.0,8.514693,8.0
rover001,1400658532,23.751963,90.3795728,-40.0,8.514693,10.0
rover001,1400658537,23.7520505,90.3798955,-41.0,9.013878,9.0
rover001,1400658542,23.7523071,90.3804167,-35.0,10.012492,7.0
rover001,1400658547,23.7523071,90.3804167,-35.0,10.012492,7.0
rover001,1400658552,23.7523071,90.3804167,-35.0,10.012492,7.0
rover001,1400658557,23.7523071,90.3804167,-35.0,10.012492,7.0
rover001,1400658562,23.7523071,90.3804167,-35.0,10.012492,7.0
rover001,1400658567,23.7523071,90.3804167,-35.0,10.012492,7.0
rover001,1400658572,23.752658,90.3820358,-13.0,5.0249376,19.0
rover001,1400658577,23.7527557,90.3822032,-37.0,6.519202,6.0
rover001,1400658582,23.7527981,90.3825178,-44.0,5.771698,6.0
rover001,1400658587,23.7527507,90.3828444,-47.0,7.017834,8.0
rover001,1400658593,23.7528615,90.3831991,-48.0,6.269968,6.0
rover001,1400658598,23.7528499,90.3834949,-46.0,5.771698,6.0
rover001,1400658603,23.7528961,90.3838202,-44.0,6.768493,9.0
rover001,1400658608,23.7528464,90.3841654,-44.0,8.01561,6.0
rover001,1400658613,23.7527248,90.3844288,-41.0,3.7831864,5.0
rover001,1400658618,23.7527245,90.3845578,-41.0,1.8200275,5.0
rover001,1400658623,23.7526505,90.3846782,-38.0,2.0615528,4.0
rover001,1400658628,23.7525976,90.3848401,-36.0,4.2793107,4.0
rover001,1400658633,23.7524755,90.3850539,-36.0,5.5226803,7.0
rover001,1400658638,23.7523176,90.3853115,-34.0,5.771698,7.0
rover001,1400658643,23.7519326,90.3855516,-40.0,7.7661123,7.0
rover001,1400658648,23.7516754,90.3858801,-43.0,9.263504,8.0
rover001,1400658653,23.7513119,90.386355,-37.0,10.511898,15.0
rover001,1400658658,23.7512643,90.3866433,-19.0,5.0249376,10.0
rover001,1400658663,23.7511166,90.3868833,-13.0,3.535534,11.0
rover001,1400658668,23.7510544,90.3869883,-1.0,0.5,9.0
rover001,1400658673,23.7510292,90.3869775,7.0,0.5,9.0
rover001,1400658678,23.7510451,90.3869957,9.0,0.5,9.0
rover001,1400658683,23.751043,90.3870025,10.0,0.5,8.0
rover001,1400658688,23.751046,90.3869955,13.0,0.5,9.0
rover001,1400658693,23.7510434,90.3869923,14.0,0.5,8.0
rover001,1400658698,23.7510415,90.386992,14.0,0.5,9.0
rover001,1400658703,23.7510391,90.3869891,14.0,0.5,8.0
rover001,1400658708,23.7510382,90.38699,14.0,0.5,8.0
rover001,1400658713,23.7510383,90.3869894,14.0,0.5,9.0
rover001,1400658718,23.7510367,90.3869894,14.0,0.5,9.0
rover001,1400658723,23.7510365,90.3869891,14.0,0.5,11.0
rover001,1400658728,23.7510375,90.3869893,14.0,0.5,9.0
rover001,1400658733,23.7510374,90.3869892,14.0,0.5,9.0
rover001,1400658738,23.7510379,90.3869892,14.0,0.5,7.0
rover001,1400658743,23.7510383,90.3869893,15.0,0.5,8.0
rover001,1400658748,23.7510383,90.3869893,15.0,0.5,8.0
rover001,1400658753,23.7510383,90.3869894,15.0,0.5,7.0
rover001,1400658758,23.7510383,90.3869894,15.0,0.5,5.0
rover001,1400658763,23.7510384,90.3869894,15.0,0.5,4.0
rover001,1400658768,23.7510386,90.3869895,15.0,0.5,5.0
rover001,1400658773,23.7510387,90.3869895,15.0,0.5,5.0
rover001,1400658778,23.7510387,90.3869894,15.0,0.5,4.0
rover001,1400658783,23.7510387,90.3869892,15.0,0.5,6.0
rover001,1400658788,23.7510388,90.3869889,15.0,0.5,8.0
rover001,1400658793,23.7510388,90.3869885,15.0,0.0,10.0
rover001,1400658798,23.7510389,90.3869882,15.0,0.0,10.0
rover001,1400658803,23.751039,90.3869878,15.0,0.0,10.0
rover001,1400658808,23.7510388,90.386988,15.0,0.0,14.0
rover001,1400658813,23.7510386,90.3869882,15.0,0.0,10.0
rover001,1400658818,23.751039,90.3869882,15.0,0.0,8.0
rover001,1400658823,23.751039,90.386988,15.0,0.0,8.0
rover001,1400658828,23.751039,90.3869874,15.0,0.0,9.0
rover001,1400658833,23.751039,90.3869874,15.0,0.0,9.0
rover001,1400658838,23.7510387,90.3869868,15.0,0.0,9.0
rover001,1400658843,23.7510386,90.3869867,15.0,0.0,9.0
rover001,1400658848,23.7510386,90.3869867,15.0,0.0,9.0
rover001,1400658853,23.7510386,90.3869867,15.0,0.0,9.0
rover001,1400658858,23.7510386,90.3869867,15.0,0.0,9.0
rover001,1400658863,23.7510386,90.3869867,15.0,0.0,9.0
rover001,1400658868,23.7510386,90.3869867,15.0,0.0,9.0
rover001,1400658873,23.7510386,90.3869867,15.0,0.0,9.0
rover001,1400658878,23.7511356,90.3870267,54.0,2.5,48.0
rover001,1400658883,23.7511356,90.3870267,54.0,2.5,48.0
rover001,1400658888,23.7509987,90.3872046,-2.0,1.25,48.0
rover001,1400658893,23.7507909,90.3877505,-18.0,2.75,18.0
rover001,1400658898,23.7507191,90.3879964,-31.0,3.25,15.0
rover001,1400658903,23.7506414,90.3882534,-36.0,2.5,10.0
rover001,1400658908,23.7505867,90.3883718,-40.0,0.5,8.0
rover001,1400658913,23.7505651,90.388427,-40.0,1.0,9.0
rover001,1400658918,23.7505339,90.3885272,-39.0,2.0,6.0
rover001,1400658923,23.7505198,90.3886454,-40.0,2.0,4.0
rover001,1400658928,23.7505042,90.3887979,-35.0,2.75,5.0
rover001,1400658933,23.7505021,90.3889219,-43.0,2.0,5.0
rover001,1400658938,23.7505228,90.3889726,-43.0,0.0,8.0
rover001,1400658943,23.7505317,90.3890098,-40.0,0.0,8.0
rover001,1400658948,23.7505286,90.3890316,-42.0,0.0,8.0
rover001,1400658953,23.7505193,90.3890368,-43.0,0.0,10.0
rover001,1400658958,23.7505126,90.3890363,-42.0,0.0,9.0
rover001,1400658963,23.7505053,90.3890409,-42.0,0.0,10.0
rover001,1400658968,23.7505025,90.3890432,-42.0,0.0,9.0
rover001,1400658973,23.7504999,90.3890437,-41.0,0.0,8.0
rover001,1400658978,23.7504979,90.3890461,-41.0,0.25,7.0
rover001,1400658983,23.7504784,90.3890743,-41.0,0.5,8.0
rover001,1400658988,23.7504652,90.3891257,-29.0,0.5,6.0
rover001,1400658993,23.7504461,90.3891791,-29.0,0.75,6.0
rover001,1400658998,23.7503442,90.3892682,-32.0,3.75,7.0
rover001,1400659003,23.7501828,90.3893863,-37.0,3.25,5.0
rover001,1400659008,23.7500648,90.3894514,-38.0,2.5,6.0
rover001,1400659013,23.7500205,90.3894807,-40.0,1.0,5.0
rover001,1400659018,23.7499875,90.3895174,-37.0,1.25,5.0
rover001,1400659023,23.7499191,90.389568,-36.0,2.0,4.0
rover001,1400659028,23.7497928,90.3896752,-36.0,3.0,4.0
rover001,1400659033,23.7496915,90.3898144,-38.0,2.75,7.0
rover001,1400659038,23.7495636,90.3899342,-46.0,3.5,5.0
rover001,1400659043,23.7493664,90.3901398,-43.0,3.5,6.0
rover001,1400659048,23.7492697,90.3902126,-49.0,1.75,4.0
rover001,1400659053,23.7491972,90.3902913,-50.0,1.25,5.0
rover001,1400659059,23.7491451,90.3903359,-49.0,2.25,6.0
rover001,1400659064,23.7491569,90.3903772,-56.0,1.25,6.0
rover001,1400659069,23.74902,90.3904496,-62.0,1.5,5.0
rover001,1400659074,23.7490113,90.3906011,-52.0,3.0,5.0
rover001,1400659079,23.7489402,90.390703,-53.0,1.75,4.0
rover001,1400659084,23.7488293,90.3907461,-51.0,2.5,4.0
rover001,1400659089,23.748742,90.390766,-51.0,1.75,6.0
rover001,1400659094,23.7486311,90.3908545,-56.0,2.75,6.0
rover001,1400659099,23.7486543,90.390976,-49.0,2.0,5.0
rover001,1400659104,23.7486094,90.3911071,-47.0,2.5,5.0
rover001,1400659109,23.748501,90.3912269,-38.0,3.5,7.0
rover001,1400659114,23.7483902,90.391424,-34.0,4.25,9.0
rover001,1400659119,23.7484871,90.3915918,-30.0,3.0,5.0
rover001,1400659124,23.7484489,90.3917202,-32.0,3.0,4.0
rover001,1400659129,23.7484176,90.3918375,-33.0,2.0,5.0
rover001,1400659134,23.7484115,90.3918654,-41.0,0.75,5.0
rover001,1400659139,23.748416,90.3918542,-45.0,1.0,6.0
rover001,1400659144,23.7484362,90.3918526,-44.0,0.5,6.0
rover001,1400659149,23.7484362,90.3918526,-44.0,0.5,6.0
rover001,1400659154,23.7484362,90.3918526,-44.0,0.5,6.0
rover001,1400659159,23.7484362,90.3918526,-44.0,0.5,6.0
rover001,1400659164,23.7484362,90.3918526,-44.0,0.5,6.0
rover001,1400659169,23.7484362,90.3918526,-44.0,0.5,6.0
rover001,1400659174,23.7484362,90.3918526,-44.0,0.5,6.0
rover001,1400659179,23.7481636,90.3926299,-26.0,0.0,17.0
rover001,1400659184,23.7481818,90.3926057,-19.0,0.0,15.0
rover001,1400659189,23.7482899,90.392539,-49.0,0.0,10.0
rover001,1400659194,23.7482777,90.392563,-45.0,1.25,10.0
rover001,1400659199,23.7482594,90.3926137,-39.0,1.0,9.0
rover001,1400659204,23.7482212,90.3926677,-42.0,1.0,7.0
rover001,1400659209,23.7482032,90.392608,-36.0,0.0,6.0
rover001,1400659214,23.7482068,90.3926391,-34.0,0.0,7.0
rover001,1400659219,23.7482328,90.3926363,-34.0,0.0,9.0
rover001,1400659224,23.7482406,90.3926211,-34.0,0.0,10.0
rover001,1400659229,23.7482336,90.3926288,-33.0,0.0,9.0
rover001,1400659234,23.7482182,90.3926398,-35.0,0.0,9.0
rover001,1400659239,23.748212,90.3926489,-34.0,0.0,10.0
rover001,1400659244,23.7482082,90.3926558,-34.0,0.0,9.0
rover001,1400659249,23.7482083,90.3926571,-34.0,0.0,10.0
rover001,1400659254,23.7482078,90.392658,-34.0,0.0,11.0
rover001,1400659259,23.748207,90.3926591,-34.0,0.0,10.0
rover001,1400659264,23.7482065,90.3926597,-34.0,0.0,11.0
rover001,1400659269,23.7482059,90.3926604,-33.0,0.0,10.0
rover001,1400659274,23.7482057,90.392661,-33.0,0.0,9.0
rover001,1400659279,23.7482058,90.3926611,-33.0,0.0,10.0
rover001,1400659284,23.748206,90.3926609,-33.0,0.0,8.0
rover001,1400659289,23.7482039,90.3926625,-33.0,0.5,8.0
rover001,1400659294,23.7481814,90.3927728,-29.0,0.75,9.0
rover001,1400659299,23.7481846,90.3927451,-30.0,1.0,11.0
rover001,1400659304,23.7481237,90.392858,-28.0,1.0,9.0
rover001,1400659309,23.7480744,90.3928561,-26.0,1.0,8.0
rover001,1400659314,23.7480598,90.3929003,-23.0,1.25,7.0
rover001,1400659319,23.7479707,90.3928766,-24.0,2.25,7.0
rover001,1400659324,23.7478472,90.3929727,-25.0,2.75,7.0
rover001,1400659329,23.7477647,90.3928712,-29.0,2.75,5.0
rover001,1400659334,23.7476927,90.3928435,-37.0,1.0,7.0
rover001,1400659339,23.7476492,90.3928843,-44.0,0.75,8.0
rover001,1400659344,23.7476315,90.3929161,-37.0,1.25,6.0
rover001,1400659349,23.7476893,90.3928748,-39.0,1.0,4.0
rover001,1400659354,23.7476422,90.3928697,-36.0,0.25,4.0
rover001,1400659359,23.7476129,90.3928677,-35.0,0.75,4.0
rover001,1400659364,23.7475327,90.3928766,-34.0,1.75,4.0
rover001,1400659369,23.7475136,90.3928567,-34.0,0.5,4.0
rover001,1400659374,23.7474821,90.3928537,-36.0,0.0,3.9
rover001,1400659380,23.7474922,90.392843,-37.0,0.0,4.0
rover001,1400659385,23.7474981,90.3928647,-41.0,0.0,5.0
rover001,1400659390,23.7474794,90.3928626,-44.0,0.0,7.0
rover001,1400659395,23.7474964,90.3928686,-44.0,0.0,8.0
rover001,1400659400,23.7474951,90.3928678,-44.0,0.0,96.0
rover001,1400659405,23.7474842,90.3928637,-45.0,1.0,7.0
rover001,1400659410,23.7474315,90.3928503,-44.0,0.5,5.0
rover001,1400659415,23.7473654,90.3928238,-38.0,2.75,4.0
rover001,1400659420,23.747297,90.3928518,-42.0,1.25,8.0
rover001,1400659425,23.7471198,90.3927868,-42.0,2.75,9.0
rover001,1400659433,23.7469835,90.3927424,-45.0,0.25,6.0
rover001,1400659438,23.7469924,90.3927764,-49.0,0.0,7.0
rover001,1400659443,23.7469813,90.3927785,-50.0,1.0,8.0
rover001,1400659448,23.7469813,90.3927785,-50.0,1.0,8.0
rover001,1400659453,23.7469813,90.3927785,-50.0,1.0,8.0
rover001,1400659458,23.7469813,90.3927785,-50.0,1.0,8.0
rover001,1400659463,23.7469813,90.3927785,-50.0,1.0,8.0
rover001,1400659468,23.7469813,90.3927785,-50.0,1.0,8.0
rover001,1400659473,23.7469139,90.3930336,-49.0,2.0,16.0
rover001,1400659478,23.7469573,90.393098,-43.0,1.0,8.0
rover001,1400659483,23.7469452,90.393112,-46.0,0.0,6.0
rover001,1400659488,23.7469241,90.3931151,-50.0,0.0,9.0
rover001,1400659493,23.7469229,90.3931164,-50.0,0.0,9.0
rover001,1400659498,23.7469263,90.3931032,-48.0,0.0,9.0
rover001,1400659503,23.7469119,90.3931067,-51.0,0.0,9.0
rover001,1400659508,23.7469064,90.3930881,-51.0,2.25,6.0
rover001,1400659513,23.7468934,90.3929654,-45.0,0.0,5.0
rover001,1400659518,23.7469019,90.3929189,-43.0,0.0,9.0
rover001,1400659526,23.7468783,90.3927166,-42.0,0.0,8.0
rover001,1400659531,23.7468457,90.3927505,-38.0,0.0,6.0
rover001,1400659536,23.7468362,90.392759,-45.0,0.0,5.0
rover001,1400659541,23.7468224,90.3927676,-39.0,0.0,6.0
rover001,1400659546,23.7468222,90.3927488,-39.0,0.0,6.0
rover001,1400659551,23.746819,90.3927439,-37.0,0.0,7.0
rover001,1400659556,23.7468226,90.3927369,-37.0,0.0,6.0
rover001,1400659561,23.7468184,90.3927358,-37.0,0.0,6.0
rover001,1400659566,23.7468194,90.392735,-37.0,0.0,7.0
rover001,1400659571,23.7468132,90.3927333,-36.0,1.25,8.0
rover001,1400659576,23.7466756,90.3927842,-35.0,2.5,7.0
rover001,1400659581,23.7465933,90.392804,-35.0,1.25,9.0
rover001,1400659586,23.7465935,90.3928598,-29.0,0.25,16.0
rover001,1400659591,23.7465922,90.3929235,-29.0,0.25,19.0
rover001,1400659596,23.7465803,90.3929767,-20.0,0.75,10.0
rover001,1400659601,23.7465254,90.3929382,-21.0,0.25,9.0
rover001,1400659606,23.746501,90.3929357,-28.0,0.25,7.0
rover001,1400659611,23.7464934,90.3929561,-29.0,2.25,7.0
rover001,1400659616,23.7464949,90.3930022,-27.0,1.25,9.0
rover001,1400659621,23.7464234,90.3930424,-27.0,1.75,9.0
rover001,1400659626,23.7464466,90.3931873,-29.0,2.25,7.0
rover001,1400659631,23.7463399,90.3934617,-31.0,3.75,6.0
rover001,1400659636,23.7463293,90.3936242,-37.0,3.0,7.0
rover001,1400659641,23.7462926,90.3938986,-42.0,3.5,8.0
rover001,1400659646,23.7463741,90.3940692,-47.0,2.25,14.0
rover001,1400659651,23.7463952,90.394056,-47.0,0.75,13.0
rover001,1400659656,23.7463431,90.3939286,-45.0,0.5,12.0
rover001,1400659661,23.7463819,90.3938393,-53.0,0.0,11.0
rover001,1400659666,23.7463633,90.3938208,-49.0,0.0,11.0
rover001,1400659671,23.7463766,90.3937699,-44.0,0.0,13.0
rover001,1400659676,23.7463614,90.3937724,-44.0,0.0,12.0
rover001,1400659681,23.7463579,90.3937647,-46.0,0.0,11.0
rover001,1400659686,23.7463516,90.3937401,-51.0,0.5,9.0
rover001,1400659691,23.7463157,90.3938034,-53.0,0.5,15.0
rover001,1400659696,23.7462007,90.3937202,-47.0,2.0,18.0
rover001,1400659701,23.7460438,90.393689,-51.0,1.75,17.0
rover001,1400659706,23.7459176,90.3937073,-47.0,0.75,12.0
rover001,1400659711,23.7459382,90.3935996,-61.0,0.75,7.0
rover001,1400659716,23.7458716,90.3937814,-57.0,3.5,8.0
rover001,1400659721,23.7458444,90.3940605,-52.0,4.75,12.0
rover001,1400659726,23.7458367,90.3942064,-45.0,1.5,12.0
rover001,1400659731,23.7458742,90.39436,-46.0,2.5,18.0
rover001,1400659736,23.7458742,90.39436,-46.0,2.5,18.0
rover001,1400659741,23.746006,90.3942334,-42.0,0.0,14.0
rover001,1400659746,23.746006,90.3942334,-42.0,0.0,14.0
rover001,1400659751,23.746006,90.3942334,-42.0,0.0,14.0
rover001,1400659756,23.746006,90.3942334,-42.0,0.0,14.0
rover001,1400659761,23.746006,90.3942334,-42.0,0.0,14.0
rover001,1400659766,23.746006,90.3942334,-42.0,0.0,14.0
rover001,1400659772,23.746006,90.3942334,-42.0,0.0,14.0
rover001,1400659777,23.7459738,90.3942511,-44.0,0.0,13.0
rover001,1400659782,23.7459847,90.3942394,-46.0,0.0,10.0
rover001,1400659787,23.7459567,90.3942344,-42.0,0.0,9.0
rover001,1400659792,23.7459384,90.3942308,-39.0,0.0,11.0
rover001,1400659797,23.7459373,90.3942296,-38.0,0.0,12.0
rover001,1400659802,23.7459326,90.3942285,-38.0,0.0,14.0
rover001,1400659807,23.7459307,90.3942277,-38.0,0.0,14.0
rover001,1400659812,23.7459294,90.3942276,-37.0,0.0,12.0
rover001,1400659817,23.7459297,90.3942273,-37.0,0.0,10.0
rover001,1400659822,23.7459299,90.3942273,-37.0,0.0,9.0
rover001,1400659827,23.745929,90.3942294,-35.0,0.75,10.0
rover001,1400659832,23.7458069,90.3942003,-17.0,0.0,9.0
rover001,1400659837,23.7458175,90.3942261,-19.0,0.0,9.0
rover001,1400659842,23.745845,90.3942223,-17.0,0.0,11.0
rover001,1400659847,23.7458414,90.3942507,-23.0,0.0,15.0
rover001,1400659852,23.7458451,90.3942453,-22.0,0.0,15.0
rover001,1400659857,23.7458395,90.3942375,-21.0,0.0,13.0
rover001,1400659862,23.7458346,90.3942374,-21.0,0.0,13.0
rover001,1400659867,23.7458334,90.3942373,-21.0,0.0,11.0
rover001,1400659872,23.7458328,90.3942374,-21.0,0.0,11.0
rover001,1400659877,23.7458334,90.3942373,-21.0,0.0,11.0
rover001,1400659882,23.7458295,90.3942138,-12.0,0.0,7.0
rover001,1400659887,23.7458742,90.3942079,-15.0,0.0,7.0
rover001,1400659895,23.7458401,90.394242,-18.0,0.0,8.0
rover001,1400659900,23.7457981,90.3942692,-28.0,0.0,9.0
rover001,1400659905,23.7457981,90.3942692,-28.0,0.0,9.0
rover001,1400659910,23.7457872,90.3942797,-33.0,0.0,6.0
rover001,1400659915,23.7457865,90.3942811,-33.0,0.0,8.0
rover001,1400659920,23.7457881,90.3942823,-33.0,0.0,5.0
rover001,1400659925,23.7457883,90.3942818,-33.0,0.0,7.0
rover001,1400659930,23.7457876,90.394282,-33.0,0.0,8.0
rover001,1400659935,23.7457876,90.394282,-33.0,0.0,8.0
rover001,1400659940,23.7457876,90.394282,-33.0,0.0,8.0
rover001,1400659945,23.7457877,90.394282,-33.0,0.0,8.0
rover001,1400659950,23.7457877,90.394282,-33.0,0.0,8.0
rover001,1400659955,23.7457878,90.3942817,-33.0,0.0,12.0
rover001,1400659960,23.745788,90.3942815,-33.0,0.0,13.0
rover001,1400659965,23.745788,90.3942812,-33.0,0.0,12.0
rover001,1400659970,23.7457881,90.3942806,-33.0,0.0,11.0
rover001,1400659975,23.7457884,90.3942802,-33.0,0.0,10.0
rover001,1400659980,23.7457886,90.3942799,-33.0,0.0,10.0
rover001,1400659985,23.7457888,90.3942797,-33.0,0.0,11.0
rover001,1400659990,23.7457891,90.3942796,-33.0,0.0,8.0
rover001,1400659995,23.7457891,90.3942796,-33.0,0.0,8.0
rover001,1400660000,23.7459013,90.3944999,-34.0,2.0,6.0
rover001,1400660005,23.7458542,90.3946681,-33.0,4.0,3.9
rover001,1400660010,23.7456598,90.3948149,-35.0,5.75,5.0
rover001,1400660015,23.7456598,90.3948149,-35.0,5.75,5.0
rover001,1400660020,23.7454219,90.3949915,-33.0,4.5,9.0
rover001,1400660025,23.7451856,90.3951111,-39.0,2.75,9.0
rover001,1400660030,23.7450856,90.3950805,-40.0,1.75,9.0
rover001,1400660037,23.7450482,90.39508,-44.0,1.5,7.0
rover001,1400660042,23.7450173,90.395075,-37.0,0.75,8.0
rover001,1400660047,23.7450173,90.395075,-37.0,0.75,8.0
rover001,1400660052,23.7450173,90.395075,-37.0,0.75,8.0
rover001,1400660057,23.7450173,90.395075,-37.0,0.75,8.0
rover001,1400660062,23.7450173,90.395075,-37.0,0.75,8.0
rover001,1400660067,23.7450173,90.395075,-37.0,0.75,8.0
rover001,1400660072,23.7448988,90.3948883,-2.0,0.0,7.0
rover001,1400660077,23.7448926,90.3948909,3.0,0.0,6.0
rover001,1400660082,23.7448895,90.394895,2.0,0.0,7.0
rover001,1400660087,23.744876,90.3949504,-2.0,0.0,9.0
rover001,1400660092,23.7448756,90.3949691,-3.0,0.0,9.0
rover001,1400660097,23.74489,90.3949889,-8.0,0.0,11.0
rover001,1400660102,23.7449094,90.3950096,-15.0,0.0,10.0
rover001,1400660107,23.7449094,90.3950106,-15.0,0.0,9.0
rover001,1400660112,23.7449101,90.3950117,-15.0,0.0,8.0
rover001,1400660117,23.7449033,90.3950111,-15.0,1.25,9.0
rover001,1400660122,23.7448913,90.3950277,-16.0,0.25,8.0
rover001,1400660127,23.7448618,90.3950617,-24.0,1.0,9.0
rover001,1400660132,23.7448419,90.3950822,-27.0,1.0,8.0
rover001,1400660137,23.7448164,90.3951122,-24.0,0.75,8.0
rover001,1400660142,23.7447739,90.3951585,-24.0,0.25,8.0
rover001,1400660147,23.7447264,90.395212,-28.0,0.0,7.0
rover001,1400660152,23.7447061,90.3952099,-28.0,2.25,8.0
rover001,1400660157,23.7445243,90.3952495,-30.0,3.5,7.0
rover001,1400660163,23.7443684,90.3952888,-26.0,4.5,6.0
rover001,1400660168,23.7440987,90.3954314,-34.0,5.25,5.0
rover001,1400660173,23.7440197,90.3954462,-27.0,1.0,7.0
rover001,1400660178,23.7439131,90.3954239,-28.0,3.75,8.0
rover001,1400660183,23.7437957,90.3954427,-30.0,1.25,6.0
rover001,1400660188,23.7437478,90.3954909,-29.0,1.5,6.0
rover001,1400660193,23.7436526,90.395581,-31.0,0.75,7.0
rover001,1400660198,23.7436142,90.3955906,-27.0,1.5,9.0
rover001,1400660203,23.7435569,90.3956692,-28.0,0.75,7.0
rover001,1400660208,23.7434585,90.395668,-24.0,3.5,6.0
rover001,1400660213,23.7433759,90.3956728,-32.0,2.5,9.0
rover001,1400660218,23.743194,90.3957113,-35.0,3.75,9.0
rover001,1400660223,23.7430206,90.3957946,-33.0,3.0,7.0
rover001,1400660228,23.742927,90.395794,-37.0,2.5,6.0
rover001,1400660233,23.7428297,90.3961084,-32.0,5.5,7.0
rover001,1400660238,23.742753,90.3965922,-32.0,11.25,15.0
rover001,1400660243,23.7428825,90.3968044,-36.0,7.5,9.0
rover001,1400660248,23.7430367,90.3971115,-38.0,6.5,7.0
rover001,1400660253,23.7431967,90.3973838,-45.0,7.25,8.0
rover001,1400660258,23.7432788,90.3976661,-46.0,7.0,6.0
rover001,1400660263,23.743321,90.397937,-40.0,4.0,7.0
rover001,1400660268,23.7433218,90.3980781,-43.0,3.25,5.0
rover001,1400660273,23.7432199,90.3982179,-42.0,4.25,6.0
rover001,1400660278,23.742974,90.3982878,-43.0,6.25,4.0
rover001,1400660283,23.742663,90.3983328,-45.0,7.5,6.0
rover001,1400660288,23.7422916,90.39844,-40.0,6.25,4.0
rover001,1400660293,23.7421861,90.3985572,-42.0,3.0,4.0
rover001,1400660298,23.7421574,90.3987118,-44.0,4.5,5.0
rover001,1400660303,23.7419972,90.3988413,-42.0,5.0,5.0
rover001,1400660308,23.7416787,90.3990216,-47.0,7.0,7.0
rover001,1400660313,23.7414418,90.3992693,-44.0,8.5,5.0
rover001,1400660318,23.7411358,90.3995869,-43.0,10.0,4.0
rover001,1400660323,23.7408845,90.3999175,-42.0,8.25,6.0
rover001,1400660328,23.7405452,90.4004014,-48.0,11.5,6.0
rover001,1400660333,23.7404749,90.4009281,-47.0,10.25,6.0
rover001,1400660338,23.7405427,90.4014685,-44.0,11.25,4.0
rover001,1400660343,23.7407312,90.4019518,-50.0,11.25,4.0
rover001,1400660348,23.7407312,90.4019518,-50.0,11.25,4.0
rover001,1400660353,23.7407312,90.4019518,-50.0,11.25,4.0
rover001,1400660358,23.7407312,90.4019518,-50.0,11.25,4.0
rover001,1400660363,23.7407312,90.4019518,-50.0,11.25,4.0
rover001,1400660368,23.7407312,90.4019518,-50.0,11.25,4.0
rover001,1400660373,23.7415241,90.4045739,-66.0,5.771698,12.0
rover001,1400660378,23.7415514,90.4047183,-56.0,8.514693,6.0
rover001,1400660383,23.7416923,90.4052705,-53.0,9.513149,7.0
rover001,1400660388,23.741791,90.4055801,-45.0,3.7831864,7.0
rover001,1400660393,23.7417804,90.4057069,-38.0,1.8200275,7.0
rover001,1400660398,23.7417738,90.4058235,-36.0,5.0249376,6.0
rover001,1400660403,23.7417214,90.4061985,-39.0,6.519202,7.0
rover001,1400660408,23.7416828,90.4064601,-40.0,3.2882366,6.0
rover001,1400660413,23.7416426,90.4066409,-38.0,2.0615528,6.0
rover001,1400660418,23.7416538,90.406754,-38.0,1.8200275,7.0
rover001,1400660423,23.7416807,90.4068837,-37.0,2.5495098,8.0
rover001,1400660428,23.7416639,90.4068849,-44.0,0.70710677,6.0
rover001,1400660433,23.7416378,90.4069155,-49.0,1.118034,8.0
rover001,1400660438,23.7416578,90.4069088,-45.0,0.70710677,6.0
rover001,1400660443,23.7416689,90.4069455,-45.0,0.9013878,6.0
rover001,1400660448,23.7416738,90.4069699,-43.0,0.70710677,8.0
rover001,1400660453,23.7416587,90.4070043,-49.0,0.559017,6.0
rover001,1400660459,23.7416392,90.4070555,-49.0,1.3462912,6.0
rover001,1400660464,23.7416669,90.4072278,-51.0,4.527693,5.0
rover001,1400660469,23.7417076,90.4074113,-50.0,2.0615528,4.0
rover001,1400660474,23.7417066,90.4075593,-46.0,3.0413814,96.0
rover001,1400660479,23.7418591,90.4077749,-38.0,5.2737556,7.0
rover001,1400660484,23.7418463,90.4082246,-31.0,7.7661123,7.0
rover001,1400660489,23.7417879,90.408642,-36.0,9.013878,5.0
rover001,1400660494,23.7418224,90.4091007,-37.0,9.762812,7.0
rover001,1400660499,23.741877,90.4095642,-32.0,6.0207973,9.0
rover001,1400660504,23.7418073,90.4098667,-38.0,6.269968,7.0
rover001,1400660509,23.7418639,90.4102161,-42.0,7.5166483,6.0
rover001,1400660514,23.7418488,90.4105956,-39.0,7.5166483,9.0
rover001,1400660519,23.7419611,90.4108247,-25.0,5.0249376,7.0
rover001,1400660524,23.7418212,90.4114038,-36.0,5.0249376,7.0
rover001,1400660529,23.7417963,90.4115632,-30.0,1.118034,9.0
rover001,1400660534,23.7418889,90.4115101,-32.0,1.5811388,11.0
rover001,1400660539,23.7419732,90.4115198,-33.0,2.5495098,9.0
rover001,1400660544,23.7421222,90.411475,-35.0,4.031129,8.0
rover001,1400660549,23.7422885,90.4113695,-32.0,3.7831864,9.0
rover001,1400660554,23.7424515,90.4114421,-31.0,2.5495098,10.0
rover001,1400660559,23.7425625,90.4112968,-36.0,1.5811388,15.0
rover001,1400660564,23.7425921,90.4113014,-41.0,1.3462912,10.0
rover001,1400660569,23.7426996,90.4113666,-41.0,1.5811388,11.0
rover001,1400660574,23.7427599,90.4113701,-37.0,2.5495098,18.0
rover001,1400660579,23.7428664,90.4114656,-37.0,1.3462912,8.0
rover001,1400660584,23.7429309,90.4113863,-38.0,1.5811388,9.0
rover001,1400660589,23.7430155,90.4113124,-41.0,1.8200275,12.0
rover001,1400660594,23.7430726,90.4112573,-47.0,2.5495098,8.0
rover001,1400660599,23.7432476,90.4111957,-50.0,3.0413814,15.0
rover001,1400660604,23.7434182,90.4112204,-46.0,3.7831864,19.0
rover001,1400660609,23.7435611,90.4111601,-42.0,4.031129,9.0
rover001,1400660614,23.7437217,90.4112252,-34.0,1.8200275,11.0
rover001,1400660619,23.7438508,90.4112488,-30.0,2.5495098,14.0
rover001,1400660624,23.7439598,90.4112048,-34.0,2.304886,7.0
rover001,1400660629,23.7440627,90.4112817,-38.0,2.5495098,8.0
rover001,1400660634,23.7442137,90.4112253,-39.0,2.304886,9.0
rover001,1400660639,23.7444003,90.4112268,-40.0,3.535534,11.0
rover001,1400660644,23.7445033,90.4112727,-37.0,2.5495098,8.0
rover001,1400660649,23.7445033,90.4112727,-37.0,2.5495098,8.0
rover001,1400660654,23.7445033,90.4112727,-37.0,2.5495098,8.0
rover001,1400660659,23.7445033,90.4112727,-37.0,2.5495098,8.0
rover001,1400660664,23.7445033,90.4112727,-37.0,2.5495098,8.0
rover001,1400660669,23.7445033,90.4112727,-37.0,2.5495098,8.0
rover001,1400660674,23.7453112,90.4113372,-6.0,1.5811388,17.0
rover001,1400660679,23.7455037,90.4114983,-16.0,4.2793107,9.0
rover001,1400660684,23.7456105,90.4115,-22.0,1.8200275,8.0
rover001,1400660689,23.7456588,90.4114187,-27.0,0.5,12.0
rover001,1400660694,23.7456718,90.4114043,-28.0,0.5,9.0
rover001,1400660699,23.7456551,90.4114062,-32.0,0.5,11.0
rover001,1400660704,23.7456479,90.4114067,-34.0,0.5,8.0
rover001,1400660709,23.7456739,90.4113881,-31.0,0.5,13.0
rover001,1400660714,23.7456981,90.4113697,-28.0,0.5,11.0
rover001,1400660719,23.7457085,90.4113617,-28.0,0.5,10.0
rover001,1400660724,23.7457123,90.4113589,-27.0,0.5,9.0
rover001,1400660729,23.7457123,90.4113589,-27.0,0.5,9.0
rover001,1400660734,23.7457068,90.4113626,-27.0,0.70710677,14.0
,end